0.00722694396973
0.0074520111084
0.00753307342529
0.0101058483124
0.00748491287231
0.00778293609619
0.00698900222778
0.00694513320923
0.00752806663513
0.00769400596619
0.00757193565369
0.00695610046387
0.00778794288635
0.00769209861755
0.00718808174133
0.0067720413208
0.010468006134
0.0113809108734
0.00696611404419
0.00755906105042
0.0078067779541
0.0071918964386
0.00686693191528
0.00747299194336
0.0100419521332
0.00692296028137
0.00677609443665
0.00936889648438
0.0109758377075
0.00669503211975
0.00975894927979
0.00865507125854
0.0072181224823
0.00704002380371
0.00829792022705
0.00801110267639
0.00973200798035
0.00713491439819
0.00796103477478
0.00793790817261
0.0104739665985
0.00723385810852
0.00780701637268
0.00744605064392
0.0076310634613
0.00730586051941
0.00782585144043
0.00727581977844
0.00673413276672
0.00771999359131
0.00768899917603
0.00753498077393
0.00683689117432
0.0108859539032
0.0090160369873
0.00691318511963
0.00704884529114
0.00751495361328
0.00795483589172
0.00692510604858
0.00718379020691
0.00762486457825
0.0167911052704
0.00757098197937
0.00889611244202
0.00743198394775
0.0067720413208
0.00726103782654
0.00748014450073
0.00759601593018
0.00705313682556
0.00799894332886
0.0183069705963
0.00716996192932
0.00720405578613
0.00723481178284
0.00752091407776
0.00911998748779
0.00748705863953
0.00732898712158
 0.00815796852112
0.00724411010742
0.0154058933258
0.00697207450867
0.0068998336792
0.00725793838501
0.00718402862549
0.0074520111084
0.00732493400574
0.00738286972046
0.0072500705719
0.00751495361328
0.00733184814453
0.00727987289429
0.00725388526917
0.00749802589417
0.00716090202332
0.00717186927795
0.00871801376343
0.00736689567566
0.006667137146
0.00902199745178
0.00760388374329
0.00799489021301
0.00686812400818
0.00721287727356
0.00739502906799
0.00754284858704
0.00718712806702
0.00710916519165
0.00718998908997
0.00753808021545
0.00720405578613
0.0079231262207
0.00725698471069
0.0156021118164
0.00751900672913
0.00800395011902
0.00745797157288
0.00682902336121
0.00729179382324
0.00745797157288
0.00723576545715
0.00687408447266
0.00987219810486
0.00778007507324
0.0085289478302
0.00986289978027
0.00795578956604
0.0143821239471
0.0105187892914
0.00757694244385
0.00716686248779
0.0071108341217
0.00721883773804
0.00895595550537
0.00799298286438
0.0094268321991
0.00792193412781
0.00932693481445
0.00720810890198
0.0298788547516
0.00785493850708
0.00804901123047
0.0101568698883
0.00806999206543
0.00765895843506
0.0078399181366
0.0156409740448
0.00749707221985
0.0076150894165
0.00782990455627
0.00762701034546
0.0228769779205
0.0145380496979
0.00767493247986
0.00711488723755
0.0184190273285
0.00823211669922
0.00739812850952
0.00729417800903
0.00806403160095
0.00741696357727
0.00757098197937
0.00736284255981
0.0101280212402
0.00734400749207
0.00750017166138
0.0077908039093
0.00956702232361
0.0149199962616
0.00803303718567
0.00693488121033
0.0129020214081
0.00935792922974
0.00687193870544
0.0181758403778
0.00804615020752
0.00696396827698
0.00736713409424
0.00776600837708
0.00715708732605
0.00936508178711
0.00741100311279
0.00794386863708
0.00678586959839
0.00715303421021
0.00970101356506
0.0104899406433
0.00685286521912
0.00763607025146
0.00968503952026
0.0077600479126
0.00692582130432
0.0104918479919
0.00788187980652
0.00677394866943
0.00761008262634
0.00750112533569
0.00805687904358
0.010479927063
0.00770807266235
0.0225210189819
0.0113689899445
0.00740694999695
0.00671410560608
0.00771498680115
0.013699054718
0.00713491439819
0.00858402252197
0.00803589820862
0.00703692436218
0.00689005851746
0.00759601593018
0.00777506828308
0.00692892074585
0.00697994232178
0.00777292251587
0.00838184356689
0.00713109970093
0.00686287879944
0.0103678703308
0.0166018009186
0.0136430263519
0.00860714912415
0.00684285163879
0.00950598716736
0.00829291343689
0.00707292556763
0.0163249969482
0.00901699066162
0.0134899616241
0.00744009017944
0.00761818885803
0.00718998908997
0.00722503662109
0.00778412818909
0.00749611854553
0.00677585601807
0.0110630989075
0.007887840271
0.00725197792053
0.0127742290497
0.00798487663269
0.00749897956848
0.00708198547363
0.00821495056152
0.00739288330078
0.00794816017151
0.00721883773804
0.00751399993896
0.00950193405151
0.00704908370972
0.00708985328674
