0.00494909286499
0.00469088554382
0.00422382354736
0.00408291816711
0.00423502922058
0.00465893745422
0.00466418266296
0.00502991676331
0.00445485115051
0.00412392616272
0.00408983230591
0.00441408157349
0.00481486320496
0.00465798377991
0.00522303581238
0.00442099571228
0.0042188167572
0.00428295135498
0.0045747756958
0.00482416152954
0.00502800941467
0.00455093383789
0.00421214103699
0.00437808036804
0.00436496734619
0.00479388237
0.00541496276855
0.00462508201599
0.00413584709167
0.00414896011353
0.00438404083252
0.00454807281494
0.00470495223999
0.00501894950867
0.0044379234314
0.00526595115662
0.00576400756836
0.00598812103271
0.00648498535156
0.00586223602295
0.00520706176758
0.00547504425049
0.00588798522949
0.00642013549805
0.00586104393005
0.00547313690186
0.00434994697571
0.00589108467102
0.00570893287659
0.00604701042175
0.00542283058167
0.00531387329102
0.00587201118469
0.00606393814087
0.00631999969482
0.00546503067017
0.00568389892578
0.00582194328308
0.00600981712341
0.00612998008728
0.00542712211609
0.00540804862976
0.00602221488953
0.00593590736389
0.00635504722595
0.00547480583191
0.00525116920471
0.0057168006897
0.00588989257812
0.0062940120697
0.00608205795288
0.00552487373352
0.00618600845337
0.0058650970459
0.00647902488708
0.00554704666138
0.00532293319702
0.00579690933228
0.005854845047
0.00725221633911
0.00660395622253
0.00542783737183
0.0057680606842
0.00600719451904
0.0060760974884
0.00541090965271
0.00561809539795
0.00582695007324
0.0062210559845
0.00672698020935
0.00553297996521
0.00545001029968
0.00561285018921
0.00642585754395
0.00618696212769
0.00642085075378
0.00652599334717
0.00684380531311
0.0075900554657
0.00677514076233
0.00637888908386
0.00570917129517
0.0065929889679
0.006422996521
0.00565981864929
0.00551509857178
0.00571203231812
0.00584101676941
0.00631308555603
0.00549077987671
0.00622987747192
0.00667905807495
0.00715494155884
